68380000
44480020
48480000
0c000480
00001f00
80500000
80580004
80600008
44680001
48680000
8028000c
80300010
54000000
50020500
50022580
50024600
50026680
58080000
54000000
50028500
5002a580
5002c600
5002e680
58100000
54000000
50030500
50032580
50034600
50036680
58180000
54000000
50038500
5003a580
5003c600
5003e680
58200000
4c000000
9c000000
80500014
80580018
8060001c
44680001
48680000
54000000
50040500
50042580
50044600
50046680
58380000
54000000
50048500
5004a580
5004c600
5004e680
58400000
54000000
50050500
50052580
50054600
50056680
58480000
4c000000
9c000000
